b = [1 ; -1 ; 0 ];

A = [100 0 -100 ; 0 200 100 ; 1 -1 1];

x = A\b