A=ones(1,5);
a=[5 4 3 2 1; 0 1 2 3 4]
a(:,3)
a'

